7954
6047
17
2090
4895
6553
8834
5385
7482
7101
5772
1418
9675
1354
8173
4854
5165
2220
8195
1987
5395
8675
8491
1115
211
252
7876
6986
3681
9244
9779
3346
9110
9388
8685
9226
9867
2167
4568
2876
266
3297
4473
7689
8748
7515
9679
2694
8259
2783
9529
9200
5444
855
629
1381
3539
9603
6735
3783
3021
5442
9685
5376
3248
4349
9155
2732
8061
5599
5411
4127
3587
5327
1794
2533
3842
5715
1519
6759
1112
9042
941
546
2369
640
6783
1569
5383
5995
2830
4172
7683
3001
8840
376
6636
4875
7574
5206
1247
9382
8939
7638
5051
5789
7228
492
9644
5886
2257
8783
6838
1228
9133
6250
5926
6122
9283
4248
2787
8484
8733
4406
5941
7265
7616
693
1190
7726
4888
9280
8148
9655
9278
8086
5583
1721
331
6989
4665
2171
4108
6078
3938
4055
6466
6720
5312
7233
7792
7212
5734
6362
9182
2280
6549
6508
4613
9240
8920
7971
1200
2755
7334
1875
9478
6719
2316
8169
3073
8788
2518
3321
267
5184
5837
2180
8863
9764
1508
2696
4976
2098
3014
6453
3549
4544
9804
9622
5445
9314
4624
9262
5530
9212
2348
3414
7487
716
2397
4781
977
1776
7123
4600
221
3829
411
1047
6930
1063
7672
6542
1432
6325
7329
2085
2591
4022
9345
7052
7770
7615
8890
5393
5534
1680
6372
2916
939
1456
1610
8557
7400
4431
3004
6162
4147
9813
362
8220
3558
1669
4376
2389
8619
9826
2981
5394
2065
6069
1159
1499
3368
9609
8736
5399
5710
1712
5230
5252
7655
391
2504
5003
5791
4560
6683
5520
7774
7962
3008
5011
7916
2547
160
6555
6847
860
3794
2215
2604
9080
8346
1506
6984
233
1923
2577
9291
381
4768
1728
2792
5836
4197
1666
1150
4641
1316
368
4633
762
6470
6620
4790
3271
4212
9704
4016
4683
753
3344
9106
8717
1030
9660
4143
6644
5226
2642
3285
671
9076
8666
3992
5858
9705
3748
292
4332
197
7895
4573
8931
1986
9445
2461
8771
9248
1567
3729
9205
9873
6237
6217
3056
4162
8436
24
2404
2160
4220
2054
220
588
260
165
2365
9473
213
1756
1767
3431
3089
1761
4626
3841
7985
8746
7909
2526
681
3029
9408
4800
4707
7964
1869
455
3427
1177
1786
604
1699
7835
7808
9087
2874
2668
5126
3533
8937
3575
1644
7415
6363
9245
3516
2079
2222
8160
8245
516
7716
1970
2573
6394
2
4182
202
1525
333
4977
1421
264
6994
8207
9776
55
4353
1812
9717
5048
8808
2385
4955
6582
6006
2301
4891
1594
3787
6578
932
4004
9145
556
4620
7771
3068
1364
4359
2253
2500
2908
3695
8468
1960
4514
6003
3007
6725
5977
59
5091
4148
786
9028
2172
6864
6595
6809
4649
3623
6615
8571
4372
6747
8074
2888
8886
8046
656
8020
2441
7146
8543
8827
2802
727
132
6110
935
1406
7451
674
4234
5695
6427
3229
4878
8536
8864
7077
5937
2746
2507
6133
5792
5933
3754
64
5736
7495
2600
57
2376
6128
62
8081
9096
4932
4240
9163
6946
2393
2667
1840
4924
6264
8914
6981
9122
2219
4192
5270
3732
2890
5132
8884
3402
5815
4124
8380
242
1384
8125
4991
6175
2944
3920
2520
2938
4584
222
6953
1973
5426
9338
115
305
5018
9055
4614
6233
5127
4417
243
2049
7922
9258
3155
1600
2962
9036
8500
5539
613
6350
7905
1357
5603
5029
3452
5409
2487
3467
479
4125
1168
2709
3736
5396
9528
1379
3530
5299
1416
3442
51
8463
7781
4971
5780
6447
419
2679
8508
9515
3652
9602
8517
5587
2869
3984
6324
9849
3455
1565
1539
4572
6125
8440
6365
2797
3086
4834
3326
6516
6997
6030
7053
6143
7827
2495
2768
9578
2870
4729
5776
6776
7986
4286
7084
4939
6771
5907
2424
4113
5272
9297
4060
3320
4858
77
3301
1362
2654
5556
4350
3709
2939
4047
4856
9131
3410
7332
3458
2542
6460
5854
8843
5902
2362
4001
4716
804
5801
5767
5236
3212
6729
5966
1736
3168
9398
2467
8459
8501
409
3435
8868
240
1276
392
6204
8763
3005
8329
6123
8497
2198
3922
6654
737
565
9774
9067
5696
4637
3657
9373
9270
323
7426
8564
6764
9038
2249
9775
6168
5109
3818
4973
4990
4711
3524
2061
9154
9282
5876
5353
9308
421
6222
7068
4025
1636
134
6031
2354
5788
5911
8578
7012
5313
1319
4338
2448
5764
4412
7027
6242
5467
8266
8539
7645
1611
1143
5001
6590
2123
7049
4822
769
6038
5159
82
4191
2096
2540
8384
6588
2633
6053
9668
3959
6088
2909
5564
6925
8400
1146
5366
2224
9097
1542
1872
2264
9591
1711
6593
746
3532
7100
5122
9094
5782
1245
9123
9031
318
6515
5893
6990
9851
4394
5135
9252
538
4457
7437
8045
3177
9627
4329
8895
6339
5716
7144
161
9498
7436
7250
865
1470
8973
1841
3696
8762
6901
1943
7028
5586
6093
5436
6894
9115
4778
4369
4170
3065
3044
9034
8048
2491
4863
3704
7178
1339
1017
2290
4603
933
4048
2527
1487
401
9640
4604
8211
1377
5542
4752
2447
2589
1054
2117
3976
8126
7328
5238
8316
7642
5578
7920
3310
2532
3101
7468
3857
714
2223
6921
1515
9552
903
3826
8767
1654
7430
8962
828
4833
928
1013
9158
1959
3471
3778
2685
5958
9511
3144
3255
871
277
5402
3809
1280
7264
8260
1396
8212
8637
3929
9680
4074
212
3093
8170
9375
3649
6361
1389
4710
6234
9018
5670
779
408
9542
5392
1524
6207
2169
8583
8934
1156
1049
7301
8014
5862
5339
9255
3173
6914
6768
7092
8210
8451
8755
4223
303
6742
7231
8029
6852
3518
2052
8773
1744
1134
1668
8830
5762
7880
5192
4141
9259
6957
886
7071
8815
5730
8745
7512
8123
4037
6379
5453
11
5920
9678
9713
3982
2329
6922
6415
5743
8956
2920
8926
4945
998
5831
2997
9059
4525
2991
5241
192
5726
8498
2366
4900
8644
385
315
9265
645
4843
2019
9594
8246
5868
8003
6134
2087
1108
8750
5864
7406
9450
569
9750
9241
1250
2842
9078
6412
7177
3149
3544
8727
270
1765
9071
1502
8509
9502
15
3374
5357
3216
5248
7553
3133
4358
2300
1905
6255
8448
5468
2942
3318
4890
2854
4966
4754
5387
9313
7088
9287
4393
7841
3142
2531
8469
1895
2043
5751
4480
8254
4317
1433
5844
3361
2828
9066
6178
1706
4717
7915
79
5834
7379
5171
4210
1582
1312
582
1376
9209
820
1814
2849
7314
7347
2184
2599
2148
2822
6389
4483
9261
1170
9185
667
9079
1092
2779
5802
1870
4753
9203
1380
2401
5521
9753
8270
3668
3521
1807
7359
5397
2466
3816
3116
8162
5593
632
2351
1079
8643
2831
2235
4836
4100
5295
4559
5662
7956
7357
1528
9319
3742
3391
1910
1493
7855
7930
5944
7099
2911
1688
5891
3090
856
3789
7635
9561
8813
4609
5640
4769
3338
9165
5615
3400
8688
2905
8894
7309
4970
6275
6623
3061
5101
8215
8138
6867
1347
5689
8163
171
3424
3827
1513
3456
4387
4472
8079
6782
1693
6238
8652
6821
8425
897
3848
5541
9452
2844
4111
7023
4903
5475
4785
9134
3397
2656
151
4510
8870
4288
9808
2140
7847
4503
8598
2553
1111
5345
5748
8399
7433
1743
1762
5559
2912
5085
2102
2823
6083
1993
5848
6691
3357
4097
507
2190
7948
2108
3162
9089
1739
3644
8049
7491
9461
8250
2394
6364
7126
506
9347
9557
6212
9773
4901
4746
1378
3369
5462
1341
9735
9850
1007
7149
5279
275
7628
7742
2396
937
4243
4327
3603
2256
9605
1735
4551
5374
8102
561
8499
6959
9395
8735
986
7423
9459
3953
5036
7215
1088
3908
7568
678
7720
7303
3723
3780
3221
3916
981
9852
5709
8569
6333
5414
4545
3560
2005
9325
5037
7405
1239
6044
916
9242
2543
8891
5276
8531
672
2639
8631
4115
5510
7189
8234
3057
8515
6528
373
2861
3094
8247
6547
8887
4155
7425
6823
2858
102
2234
7431
7152
811
4331
3885
1349
8964
2735
918
6670
1886
5588
689
2970
3564
2006
4285
4051
9003
8428
3295
4631
3839
558
7788
9176
908
4356
615
6792
226
5722
6046
4671
3383
8930
5425
3043
3126
7471
530
6772
778
8667
1435
6002
4677
2378
6343
8077
3003
2781
3259
4312
8853
9509
4202
227
3887
3103
3874
9290
2695
7074
8825
6245
7560
5423
8372
2669
701
3122
7227
7059
4520
5922
6120
3600
1397
6660
1980
3269
4987
4181
6684
1789
3145
4454
4815
6714
6887
3147
1119
5111
1660
3770
991
6081
1289
8460
4151
179
1052
3477
2062
8963
736
8678
6051
437
5483
3440
5147
845
8780
1028
4784
8831
4871
245
6153
3946
5245
6382
67
5473
2637
8556
9441
6331
4993
4262
2248
406
8025
5678
6614
1540
3446
3152
1604
4743
1449
254
720
6920
1334
6118
2429
7721
1622
8682
3418
5369
8404
8928
2503
6876
992
6700
9358
7900
9444
2634
5883
8804
6941
1741
3150
8676
575
7499
6129
5991
2613
337
4555
892
1275
6958
8693
7727
3251
8136
3498
6844
8599
4959
8131
4647
7464
4297
8350
4899
2449
2584
9670
5371
9157
128
3951
8217
9761
5774
5785
4153
3123
7369
9272
5676
9794
6282
7675
1955
2754
3475
8854
6260
9652
1174
7016
4593
8810
482
1335
4334
288
2009
5179
9499
3784
3843
5073
8941
5407
7412
2154
2135
4724
7498
9098
810
2538
4112
2985
8711
8121
7388
9845
3786
7825
5160
2015
8282
5304
2064
4703
6954
8242
3066
2494
8142
8367
6899
702
123
8304
5845
6330
7026
8320
2825
3884
327
63
5283
5733
6294
9694
9843
7632
8209
5969
7289
8276
7150
8477
1533
1687
4366
2790
1268
261
9114
9315
6763
4183
4506
4368
7751
2729
6865
6574
9751
503
8700
5024
346
1077
3349
4496
5311
1532
9077
4003
6496
8388
4453
9397
5173
6089
8506
3949
7779
6819
9747
1269
8113
1393
6115
2852
2959
3454
9474
3641
2083
2855
1053
5912
6017
9526
2202
5524
1648
780
2474
9221
1035
8544
4355
2620
4077
6906
1147
4086
958
7248
2343
8318
5874
6268
3710
7717
7521
3645
4587
3139
3689
1209
9111
1545
9352
7171
4693
7684
5527
3186
4686
6328
1989
8646
5978
2698
3490
6439
7042
7163
7802
3598
840
5317
3584
2680
3074
760
525
5256
4630
1286
712
1718
5440
4676
9648
7484
1827
8387
685
4383
4957
8722
9464
4799
3385
501
7222
4681
3534
3228
6965
369
3853
842
6518
6546
3104
2769
2433
9460
6180
898
936
7545
9012
8743
9353
2657
3160
7489
9172
1843
8297
5993
1597
4207
8471
9737
2136
9787
2386
1405
8597
5187
3193
6063
5263
9233
4070
6374
5145
3915
9881
7528
882
7434
7800
5598
7013
6619
8244
4221
4610
4168
2829
6357
5496
3480
987
5010
4722
8789
5421
5595
1498
8257
8154
7725
3627
130
5202
9556
8523
536
7145
9448
4206
9273
9836
7750
5045
5671
3329
6839
2267
2308
1784
3422
2338
5613
2457
9770
5980
4958
2425
364
5810
6716
9446
4382
4266
6414
7006
2298
8047
4915
6381
2522
2099
4096
4964
2129
9222
7527
3862
4885
5100
5939
6870
7326
3481
473
7045
8581
1967
173
8542
1848
5526
6061
1714
973
4640
9560
3006
1797
6300
668
1451
414
6048
8401
3107
4239
6626
676
8818
5032
6114
5657
2640
2773
4594
1883
7203
8283
5839
3581
614
3323
3231
5479
4867
3945
7898
8720
4864
5747
9838
5082
6410
2896
3176
5052
5576
6066
4306
7459
6200
2458
1126
3461
7029
9044
7057
1355
5885
1368
7889
2250
5679
4370
2270
4486
2236
1906
646
8026
6836
2625
1483
465
2535
3071
1647
3
4760
4458
3960
4103
940
8130
1212
1544
4014
3482
3472
6344
7681
9864
9814
336
8835
2998
7817
6504
3851
5684
919
9144
3863
8302
7918
4692
4165
6104
4653
4998
1274
7407
9692
6105
4985
1617
792
6189
1129
2486
6270
3096
8135
5412
9884
5592
1703
2275
2807
4846
464
2181
4969
2835
3076
5579
6261
8391
5866
7197
9257
7396
6796
6888
1759
5567
8662
7588
9363
625
1345
9531
4617
2038
4994
4873
3578
6483
424
4738
342
498
754
2444
2853
7154
8621
7174
3996
1266
3100
8540
3358
7236
9625
2370
6226
9100
9666
7409
7845
8105
1051
5316
2472
8307
3077
4256
8892
8889
555
4292
8310
7067
5535
4345
5636
9829
8403
6393
3607
8944
5347
6347
6211
6940
3642
7951
1071
6912
4765
4200
8528
1830
30
7591
7043
8349
9691
7268
6106
5865
7807
2306
4774
6695
9742
443
2078
1455
7926
9355
1578
1599
6919
2432
730
360
1523
5553
85
2718
8068
3102
5948
8008
1609
2240
8337
8790
4456
3936
207
4541
2697
6734
2827
9635
5996
8193
9768
7550
9617
9180
4399
9093
6065
9063
4020
8465
7852
9597
7024
3009
5768
8638
2796
2652
1039
7650
1504
3380
5887
2395
9130
1102
6507
5953
6915
6890
2811
7199
4798
638
3254
4837
2093
4733
6680
389
2775
5456
7629
577
4109
6307
910
9159
9317
3035
5972
3970
1912
5973
6035
5228
9505
5517
3793
9284
2016
9571
9169
6218
8903
8534
934
4173
5240
8566
838
870
4328
1821
9760
2559
26
4474
2895
2138
7010
7167
1184
8595
6045
8782
751
6649
5752
813
4839
8038
8994
7485
9519
6645
2033
5209
520
4152
2887
5701
467
6696
3330
3148
612
6157
5154
3437
9236
3854
1509
4082
3987
2954
2196
1898
3889
7974
1730
7358
8641
1251
5700
3335
4563
353
9767
9799
9600
7950
4689
5158
4362
3213
979
4933
9805
4876
7711
3030
1417
7494
9328
6573
7276
5634
2143
6378
9376
793
45
2843
4978
2334
9225
9532
6292
6992
1217
1018
1900
8902
6988
9359
8562
7157
9494
9302
7226
5820
2766
8919
7864
801
458
3772
636
1770
5692
994
2871
3563
7823
5979
6319
1780
3910
8082
2918
6632
6641
1207
5607
4106
4819
31
290
605
3659
3430
6098
731
4000
8798
3331
111
6136
4364
868
770
2333
7859
4524
4809
3536
7089
6159
4805
4897
3852
430
3656
2677
3256
2042
4608
7740
7072
1868
7976
1323
7907
6978
3108
6663
114
1616
6843
5913
7746
7288
3366
3154
6474
4745
6480
47
4744
7111
5081
6318
319
960
1452
4161
7211
8744
1620
6814
1105
8457
3703
8381
3227
8418
2356
2536
7703
5930
1541
440
4644
2586
8559
9503
4432
7257
7190
8472
3120
6139
2214
2986
1716
1427
9141
3836
5254
2127
1353
1020
3664
1823
50
2505
4546
9623
9326
7744
7106
4497
1137
6818
4597
7871
745
4208
3902
1410
8877
2673
2175
9458
4451
7192
6455
3966
428
8176
3906
7944
5914
1162
1891
281
7307
5757
9413
7422
8127
6717
6798
6458
4699
4670
5841
2379
1086
9253
3931
2833
2303
1775
5429
5310
9402
5381
1048
9211
8098
3545
1361
6289
733
3084
9878
2976
2229
7766
9424
3311
5641
3899
20
4278
4443
7004
9339
8764
4625
9201
2950
1074
9311
4315
4309
282
6544
2618
5899
2510
8897
7151
9409
9192
6281
8058
5138
8555
7315
4944
7680
6811
905
5251
3449
9788
103
9661
4646
7393
1343
7030
3913
3901
7866
5573
332
9321
6617
1549
1045
8488
4304
1284
8949
8273
6775
5146
5688
978
7760
6353
8312
6871
901
4943
4008
7529
9516
4739
9642
4035
7343
7046
8041
6962
7279
3138
4773
3496
2502
3127
3451
2906
5403
1978
2442
1073
1189
1029
3450
2965
5217
480
1971
2878
4188
4804
4950
5441
4045
8432
1957
3106
6418
5808
5077
1157
1737
1060
3237
7110
199
3218
8785
6297
2031
975
6039
6499
6426
2288
1897
1520
8888
8805
6525
7488
5897
7923
7155
2900
1671
7896
6969
711
2549
4666
2163
4325
5017
1259
7272
2265
3445
2355
2688
7065
6332
1012
6557
1546
5090
6862
9872
2964
9108
9800
551
7383
7678
8083
9749
1695
3691
2194
7697
6948
6762
3907
7214
4064
7435
1358
1979
1019
4687
8975
3000
7700
3597
4920
93
7480
5489
3448
9196
1458
2346
5814
354
8369
7674
7668
3859
1750
8809
7531
7821
7764
7140
7080
630
3505
6856
3214
9539
2402
8174
5511
4808
125
3506
2377
3768
6094
3426
2560
8114
5055
1372
2803
308
1461
1004
2686
5438
4447
5790
8438
8261
9496
4538
5459
9048
8759
7736
7520
4120
713
6664
6875
5952
8600
113
5078
2371
1764
4056
4813
8997
7104
5507
4330
4101
6334
8390
7335
4688
7596
9206
7784
8695
1796
4232
2904
2763
4521
3281
2966
8546
8734
3019
2063
3210
1026
7206
1277
7376
7455
1257
8274
219
6637
3760
3208
196
809
2967
7251
8668
466
3387
2624
5197
2840
3175
4203
5097
2789
1215
822
4465
4956
2080
8258
6942
5379
1964
4636
3520
457
9566
1037
214
234
5152
1720
8589
2411
4323
1844
4982
9341
7094
5807
5028
1571
7705
6560
5548
3705
488
6278
537
1103
6991
4213
9831
8570
5284
5199
7341
1348
4909
7191
1454
1685
3888
1873
9142
2761
4442
1478
8382
6380
7168
9301
567
7676
548
8362
660
1044
734
174
2418
708
2757
2183
1811
4869
3223
2980
3253
961
9443
6849
649
4414
4091
8012
9025
3353
5976
3614
4034
8624
2279
6029
571
1951
8774
1517
224
6312
1818
3577
7496
6308
8817
2791
9234
7625
826
6736
9758
4254
4320
6467
2034
1485
2191
5059
6071
4462
3131
9638
648
9860
4499
8332
4965
8355
4057
3904
7036
7967
8141
44
7995
74
2778
3811
2309
4588
7701
3508
1407
7338
6126
5121
6754
2475
5685
8673
4218
3352
5277
5170
25
1889
6452
3882
7530
6543
1596
9213
744
3574
2284
8070
489
717
1702
9543
603
543
1213
9476
3840
6026
9323
4884
5626
699
9674
2416
982
866
4467
7445
4160
8576
2868
2453
673
1283
1607
5156
1295
4511
7767
9407
1472
5884
3796
9721
7139
3356
9054
4913
6489
7970
6586
7824
2786
1194
9010
8747
1809
1308
4215
957
6131
1625
4040
8019
1036
2845
2332
9480
9420
5172
2326
722
9103
7466
6198
8203
5222
7769
5258
6950
1285
6745
3570
9017
1740
9488
8379
8147
8715
2406
7478
4595
3429
7728
5084
9710
7373
2933
8848
5150
1181
1828
8191
9527
3135
3339
8873
3300
9654
9024
5309
8129
3745
1924
9327
5763
1068
2670
4167
729
5262
1185
3737
6239
8529
6963
120
1557
9372
3512
3293
5890
2864
2926
2092
9703
1287
3957
9738
5419
3803
7050
7402
410
8642
620
1553
3930
8730
8580
2665
7075
4280
4917
6108
9320
5618
6860
6014
6167
8205
9305
6070
1178
8139
1352
9442
9632
9384
4214
2952
4230
4675
799
3151
433
4326
6751
8336
1032
1537
3596
6961
3257
2282
6224
1505
3820
1201
9369
6376
7763
7225
5318
7887
1186
4293
1241
1375
6437
472
3585
4905
9495
4348
9061
2113
4177
3661
1346
1138
4114
4133
8698
8858
6786
423
5925
4657
798
1211
8275
5471
7620
2820
2211
6113
4386
6817
6671
5144
8281
2497
6416
7166
7188
5608
3670
8929
3363
8145
8063
3022
5946
8415
3998
6227
913
8097
7651
7608
2088
7159
4912
5060
370
3756
883
7310
5894
6358
9493
491
3163
6359
9118
3589
6585
3650
7840
6973
5229
1771
7474
895
8028
1369
6179
622
628
9215
4618
5297
6490
7235
8354
180
6746
152
5200
3370
9354
1130
7216
9783
4023
7546
4492
7998
5356
2428
2492
4126
2221
9219
1782
4110
38
1932
3303
6739
7135
2028
8
781
2118
5875
6559
6438
7644
988
887
3833
9861
5786
6831
7195
1443
374
1023
1031
9119
5923
1593
3215
6405
7538
8582
5234
872
3112
7532
5151
6500
7058
6884
8984
5531
759
6937
6651
6970
9160
76
3572
8347
7969
8060
5693
9449
7297
9020
6258
7200
2774
3140
9370
7772
2051
7458
1879
441
9500
5014
5799
126
827
647
2213
1419
4509
9510
8377
5655
432
9741
3492
497
4438
8434
2649
5835
8268
184
1638
7704
8511
9088
2561
6712
9434
846
1464
7256
7753
5140
853
1046
1586
1968
8787
2578
8946
3298
2161
3672
4318
3394
1437
9269
4967
1849
7670
5931
1218
6142
3753
6980
3129
2205
2228
8487
6650
1392
6679
1536
3595
5365
752
5166
3932
3384
8705
2932
8216
8356
3757
4300
6955
3619
7429
1118
301
9645
8080
3494
9129
4140
9720
4730
2295
8772
8333
4902
3050
6812
5830
3322
748
6311
295
8998
9332
966
4857
2344
816
5910
5380
8479
1583
1136
1518
7839
7238
3722
1167
7799
719
705
6164
4194
8740
5822
2622
6011
5983
6681
5372
3280
5621
4434
1950
7904
1530
1992
5962
8112
415
5817
7848
4344
725
861
4307
4209
4601
274
60
5501
9525
6286
5008
2158
3688
1477
5637
823
7391
3478
9490
6621
18
8552
599
8159
1708
3876
78
5207
8716
9840
330
3052
4564
8820
6273
3299
321
1109
1686
2795
46
1468
859
6309
4251
7503
4335
2873
4914
5879
6262
2242
7399
6491
5754
7339
8989
5289
9555
9730
1248
3381
9763
5800
6608
8167
852
6829
5495
7284
9086
5005
4835
7507
5105
8701
6748
4655
5038
5974
4590
3994
5434
2044
2488
56
6010
4498
7624
8116
8714
8103
7580
5478
5826
9228
7452
2937
970
7294
1107
2100
2210
1826
4488
8416
9656
6146
8881
8988
3017
598
7364
4346
7461
2713
6758
7479
2621
6882
6979
8423
2029
1497
2701
4136
6788
889
6220
3771
6610
841
504
3268
9479
5761
9681
7662
6854
3765
9178
7815
8521
6777
7842
8050
3719
6018
8876
6478
6367
4740
1165
2294
6107
9682
7897
8023
659
2305
9343
2150
858
7569
4030
9486
7525
3522
1863
6205
5852
9324
5390
6795
5604
1084
682
4663
6791
9662
6924
8219
1144
906
5329
5903
3095
7659
4316
2405
5975
8128
2252
4841
532
3097
2269
3815
2683
5515
4508
2032
7365
382
7175
4782
10
1661
6195
7913
7278
7754
2597
3117
6008
4363
7756
3758
5117
5528
7330
6298
2417
7758
7133
9745
186
2721
9152
1575
8481
1409
1273
8906
1152
5796
6013
8424
9524
1313
1580
8921
6616
7837
407
5506
8223
3622
5795
589
3354
1133
590
3219
299
2245
3860
390
1272
470
8408
6638
8713
2734
5093
3443
3973
1631
597
4485
5225
5600
2707
7340
3277
2777
9854
9740
8586
2881
7213
7575
550
1975
6451
2027
7809
7450
4797
6497
7454
3764
5261
2752
9190
8816
1304
3546
4494
6927
4158
8614
4032
884
8655
7833
5777
4067
5915
6085
7592
7695
4017
2731
2407
3510
2929
5223
7780
7656
6148
5332
849
4054
3284
5220
1482
162
5334
8279
8413
7224
210
7360
2399
298
3509
1707
7621
4695
6692
3407
5186
485
1562
9173
7981
9522
209
6472
1709
785
4491
1318
5878
8752
5149
2030
6228
2084
32
2661
4058
8353
7467
5043
6155
5481
9688
2636
1255
23
2799
5314
3586
4463
8430
1691
2476
3858
6266
1058
7977
6669
1865
5773
4919
6487
3393
6326
4656
864
6022
4174
5629
3465
5129
7634
7663
7523
1145
4861
8089
5338
3493
4926
5938
394
8278
452
7164
247
8096
7984
2358
3201
1550
9634
5408
2289
4941
3292
5703
9616
8467
3835
459
559
4842
7814
7558
9697
7748
2574
1391
8504
195
1683
8251
418
6873
2684
4308
255
5355
6323
1411
3434
2427
9191
3099
915
4935
7563
6023
3956
9447
1082
7361
8183
1678
8243
4264
1127
6064
5103
6511
5580
4029
7220
8429
1253
4984
5698
4974
1265
4228
6960
7860
847
3119
7217
4882
230
29
8013
2949
1961
9218
279
533
1322
205
8862
3291
6172
4995
894
7348
2539
4419
6982
6184
7258
6662
8495
2719
335
6000
3436
661
1855
7116
9816
6304
5605
3667
1326
297
5549
9166
273
9058
5609
3024
3877
985
5194
5080
3241
8826
6531
2660
9513
380
8697
3180
8507
2157
1481
5896
9639
371
7281
3130
7696
8143
5778
2483
9507
7208
6832
194
3739
8476
8965
4018
607
6197
6793
4645
5278
5794
2345
6706
2653
8910
7378
4150
8364
8363
3684
6803
585
3891
9659
61
9755
5690
8510
2496
462
7810
2644
6705
643
3726
451
5494
5759
6653
4807
3812
9307
9818
9874
6603
8227
6448
6903
8776
3676
1990
2512
2720
7572
3230
6658
5935
8394
3948
5190
8334
22
1219
9075
7129
108
7453
3865
1876
3287
7585
874
1618
1624
9701
6581
117
5840
4755
3694
287
5514
7882
1551
8280
666
5611
7597
4149
6583
8680
2287
447
7562
178
2524
5643
9806
9508
5368
6580
2039
8940
5131
2463
483
6627
8958
2693
395
5259
836
3744
8325
519
5337
4144
6247
159
2217
2173
8852
6728
3428
2231
3625
475
5282
3571
8091
1301
6279
3462
983
1155
8622
3881
8579
2212
2836
6196
2485
7509
6099
8901
6185
7891
2951
9271
1401
154
6186
9492
7291
378
1290
8180
7573
7605
1182
2170
7694
9364
6998
8625
4154
9866
5563
4171
8235
6173
7156
1385
4786
4581
6024
112
9451
1715
35
2610
5398
9734
2759
4761
1677
3620
3942
2409
6741
2471
3091
7960
6824
2200
2788
5929
5487
4589
4505
8823
6642
296
2508
6993
9613
690
5296
2281
6117
8554
1226
334
4290
2782
9013
1697
6303
4789
9514
789
6898
6999
6072
91
4938
8039
9286
2403
3047
7403
2692
9657
4852
4566
1491
8396
3605
8482
3031
3706
324
545
9658
2865
4741
8913
3797
3743
142
9322
8612
5739
930
7333
7255
1621
665
8927
3639
7245
5104
1689
6259
5797
1858
927
1321
544
7234
1998
4009
3204
4083
7877
3873
4591
7737
9653
1083
9782
9812
3441
7079
3964
2342
2984
1422
6534
215
4269
7277
3146
3348
8108
3114
1874
2635
3235
1061
5602
7160
8649
4468
8263
7316
1824
4303
4279
2714
4039
9732
4276
4704
4788
5949
5054
7490
3262
9455
363
1773
1096
8829
2662
1149
1270
3941
655
1090
3267
3070
7631
9667
2072
1122
513
1779
478
6697
70
1717
6001
2546
3961
1732
6206
7612
8828
3943
1095
517
9614
1014
8248
2988
7917
3692
1087
5420
1161
6789
4227
1507
119
2299
526
3752
7056
3548
9541
4883
9124
16
2958
3082
6878
9629
9712
4246
8040
7768
4130
402
7308
3217
7469
1034
3316
692
1804
3289
4476
9117
8253
5577
4493
3191
8572
2521
1866
747
4911
8841
3716
4095
9471
568
8449
6510
9599
7883
216
7380
2206
1899
9296
5663
9487
6727
8784
9689
8558
454
1511
8421
5811
5656
2353
835
9112
6564
8726
8489
564
8606
8134
4179
3412
3599
9081
4758
6861
1299
3734
8514
5465
8957
2134
3474
4792
5932
8001
7925
293
9394
7051
350
8679
2501
7446
5320
1001
732
8146
1560
4865
4411
4187
5123
3134
2607
6336
6171
8344
1399
8563
8866
2482
8004
1701
5673
80
8634
3342
3234
7561
8574
9425
426
7994
3389
177
6390
6975
8645
5493
8314
4302
4116
7649
95
2041
3037
7055
5803
3419
8230
4275
7949
7600
2794
3220
272
7504
5965
4031
5838
6214
7447
8648
2059
1373
955
9294
5927
7179
9535
6306
3952
531
867
5584
285
1366
1160
7187
601
5964
5212
9572
1242
3573
9153
7552
5089
2103
7390
4242
6858
8031
7323
7829
6086
403
2914
8435
4277
7652
6707
8157
4690
7115
4006
3092
5532
2643
1062
2886
8532
7657
3314
2893
9592
6203
1297
94
6371
8052
7640
4283
6766
7427
2067
7282
1645
1913
6137
7643
9882
4954
6443
6348
4128
5960
4530
8839
7797
8687
450
7630
6315
9789
3514
1939
7439
1120
2664
2470
4289
5096
494
5622
5950
1634
1512
9053
9060
5057
3638
1365
7246
2798
5136
1426
3038
5917
7124
6445
3963
641
8993
3919
3517
7114
6570
8010
8696
1500
8480
9164
6345
2203
6375
2260
7539
7618
1725
7510
1123
463
3309
2715
7820
553
2948
3725
4953
5285
1195
6787
6605
5110
4989
2666
5832
9700
7867
1232
8794
5829
6709
9848
9140
3189
875
7367
2801
1602
9156
1210
2934
4396
2199
3660
2717
157
2493
4428
9385
2847
7198
3911
7324
7372
9633
1692
2146
8909
2771
7073
9104
5859
9819
4388
3136
246
8208
3203
3609
2632
2443
4705
3741
6708
9411
3875
9567
3927
8178
4904
5350
4795
7232
1723
5215
5766
5155
9184
2617
280
2623
4802
7647
8290
8171
8057
2894
1792
7929
971
8289
6236
5130
7069
8712
442
1948
5729
8732
5591
8194
7239
4908
3489
3447
9669
2276
5589
7015
2268
1903
8639
5498
7317
2582
9504
5555
5909
9101
2018
2307
4567
1220
2323
104
101
163
8455
2919
7040
9469
7793
2651
1021
7082
5451
2115
5324
6277
1556
4156
739
4684
7493
3849
4351
4770
9128
967
4184
5269
5007
4619
3500
9757
4298
9033
9865
8792
4062
8849
2995
5485
6688
6916
2349
2629
4374
1815
1310
167
3457
8628
8721
6784
5006
8100
9415
5827
6701
611
3167
4850
4339
6169
4392
8017
9615
9472
9072
7209
5486
8968
6042
8761
1307
8032
3416
1722
2324
7125
7987
8294
7783
3048
4007
2077
618
7687
767
6732
1885
8120
4796
6287
8338
8766
3870
8341
2983
1880
7320
9752
7305
9378
3382
9137
877
2605
8374
5174
139
2436
66
2891
7611
500
3801
7664
5705
143
6225
1531
7025
3785
1927
4138
8917
5031
2319
471
8085
5508
3690
7526
3244
4732
9293
7477
4607
6753
7941
2805
8493
7285
9807
3566
3305
3197
9595
521
9007
9333
3611
2596
2023
4881
3601
8616
2317
4211
4299
8412
4024
9537
7201
2066
8872
2086
6425
4515
1121
8056
2963
6440
84
5454
4661
6526
5942
4324
4507
9563
1837
8524
4282
1734
4407
9011
7184
3579
2462
787
2130
8474
9690
3378
387
2706
5023
2727
7594
7091
2499
7554
4712
4265
1564
8027
5674
1534
5918
2071
137
8604
5574
8240
2119
3993
1128
326
3245
1480
6668
2898
8991
9304
3355
7903
499
7606
2437
7356
300
3594
6475
9204
4255
2292
7576
1221
9099
1390
5020
3379
8066
5388
5177
1954
1930
7158
6271
8144
2935
7183
5842
6879
6572
6880
5727
8729
5351
1309
7085
8990
2233
2058
8037
4225
505
6755
3640
5133
6111
9289
257
4706
5986
6562
9316
1262
3618
5164
8633
9410
5644
3081
9406
1944
9803
3423
899
7908
1303
1453
1075
890
9051
8754
1139
962
2957
8893
4247
5812
7108
4198
1465
3025
2367
9362
7524
4436
5340
1573
2013
4010
2060
7518
1240
5873
2943
4460
9069
2381
4779
1473
4550
8375
3629
547
105
6939
4079
594
1719
8351
6183
2390
8596
6243
3063
1424
8155
2971
3568
1834
155
8992
6027
9558
7017
8447
5746
9777
3879
5819
7481
7963
9711
6535
8064
8728
6284
617
4801
4201
8665
5167
2724
2806
8636
1933
3288
9672
1969
5537
7989
5044
1059
8922
9869
5455
3847
2537
6566
4921
2737
6600
5265
9107
2641
9056
5303
2579
6863
4044
8340
5825
1066
7300
1254
7138
3967
750
9540
5364
2296
4512
5286
4889
106
340
9227
4635
6428
3655
4257
1529
6661
7352
9342
9246
4367
3831
9230
8690
7118
7093
8702
1444
2477
5466
9303
5491
7707
5406
2924
7514
6404
8948
2689
6522
6820
493
8842
1097
7047
5071
4314
8838
3002
7627
1559
9575
6841
5650
3185
6149
1298
540
5702
7601
9162
1752
8654
7420
4052
495
7019
263
1006
5246
3633
367
6785
7
4341
1438
1633
8819
4357
4650
4616
794
8262
1305
9626
1249
4513
7805
691
7761
3825
3569
1589
821
3164
8265
6444
3947
1193
9279
9724
8393
8911
3051
4252
1570
1282
2928
8149
8175
6457
9335
4270
5725
7934
4449
7541
863
6288
4582
2897
2144
6257
1072
1340
6116
349
9109
5290
4395
7968
6938
755
3487
3283
7293
3698
652
65
8376
5627
8137
9189
7939
7542
3028
6488
8445
6506
9586
3207
6170
1099
6672
6635
4268
429
7205
5750
6109
2465
7033
664
9466
931
6101
5344
3312
4923
6385
3647
2534
3897
6883
1738
3027
3365
9453
3341
5560
6484
8739
6737
2630
4844
3721
5113
5968
1188
6335
4893
4859
6805
1835
1952
3909
5484
3950
1173
5205
1476
4423
7492
3626
9823
9454
9309
271
1850
6519
8453
6209
1198
449
9822
7506
7862
2557
3555
9139
2227
6971
304
2120
365
6827
3749
5306
8660
348
3643
6520
3925
1131
2045
1847
2960
9136
6723
6356
4531
7172
5888
9636
6550
6541
2921
4948
8301
9430
1763
8966
8565
4536
9796
9780
4081
6386
5575
7685
4430
9491
4219
4440
1431
650
3170
1457
5649
3602
1324
2145
8172
375
3239
4931
3484
6493
377
8936
4927
5740
7914
2690
5554
8535
7117
4780
715
5753
2780
8454
9171
4281
925
707
1135
5872
1116
7181
4080
9041
7693
3714
1252
1859
7888
7713
7267
3078
1311
2946
2105
1882
5612
7786
7169
343
8974
4408
1646
3497
2815
2764
8308
7371
183
9698
9197
7095
6674
5004
4557
9576
3954
5869
7221
1704
6176
7851
6446
2070
6685
6216
6606
7798
5367
1206
1154
2197
1769
7658
4409
7547
150
8632
422
1171
8055
5645
1236
4231
3232
2489
8343
3621
2603
5449
1199
9707
3917
8190
8328
5063
7508
4853
9762
9187
7813
6952
1302
3823
1113
147
236
579
7581
8078
6461
587
156
1798
9856
5781
7421
1547
7252
4500
6037
9821
1612
2456
9102
5315
1572
6373
4694
6968
4577
6976
8022
6395
1448
3171
1333
2128
6690
68
6760
311
2361
7143
9457
7147
8426
7370
8288
8226
4241
5502
2415
6731
8610
6985
5189
2572
8861
6253
4535
8450
118
5198
7937
4026
5069
5203
756
7794
2164
484
1937
4260
6949
4347
3178
6492
6790
6933
1974
5128
5850
6527
5231
5628
2530
557
7991
2243
8905
6341
5349
3233
3871
9801
8326
3062
8359
3543
8456
2109
5529
6384
5247
6007
4354
5594
42
2956
8561
5569
947
3855
4118
3513
3463
3337
6699
7830
5148
2892
6609
4930
1164
2880
8548
9188
1833
7722
5049
4980
6678
5853
8686
9702
7389
7020
4073
7565
8305
3270
5413
1963
7457
6127
1928
6021
4783
4059
5201
8875
1331
8845
9251
310
4185
623
164
7375
3132
5087
829
5287
9295
6804
5861
4638
8269
5460
9029
6366
9435
4484
5543
4072
5823
3781
7176
7924
4380
2857
4469
4163
4375
6659
3243
7419
8793
4085
1350
2459
1197
3195
6449
8229
6305
2816
5075
6897
9423
5779
5990
9127
4946
2121
1852
6634
3799
8053
790
4748
8741
3274
3523
2587
9390
3166
8781
7505
2073
9547
6124
7699
4697
5300
356
7911
7551
8496
3685
1492
2650
3582
3340
6687
7081
3420
5106
98
608
862
6704
1243
8407
1064
6463
5677
8867
7462
9312
1938
6673
3179
5997
5291
9439
6403
8999
5516
5389
2022
7385
7745
9834
2733
4253
5956
5806
1839
5957
6187
6935
9817
2002
6907
679
917
176
3728
6558
4159
5161
4429
6813
8106
8466
7858
9706
9772
1294
5308
8198
398
4830
8786
8670
5497
9769
2588
1383
2819
2068
796
509
8009
5992
6316
7595
5034
7873
8470
7870
3798
7062
9401
7048
6015
7836
1757
1931
238
6750
8718
9723
2122
1790
5522
8422
2987
6761
902
3045
5906
5971
344
237
7410
2226
2336
1664
9387
7355
2182
2837
2330
5533
14
4794
6908
8932
7173
5083
8924
8199
8749
4749
3315
8692
9006
8568
2762
518
2255
4821
2595
7054
1317
9815
6911
1011
2076
8124
3049
3918
8760
251
7838
5934
3674
4727
9019
8361
5162
6119
6800
9267
8885
773
3965
5601
3172
8978
8699
6718
4612
1831
8640
2930
6068
9664
3556
2568
2055
7955
5292
6643
2484
3502
5030
857
1442
3588
8832
2851
2380
2730
9830
6563
723
6895
5963
7648
7273
8255
2567
9348
397
6611
4516
341
1918
5724
7559
1902
3775
8719
9207
8871
5015
8769
4586
2426
8526
2785
6524
3345
6853
7331
6816
7386
8218
4
7035
6629
4709
9546
765
3769
956
974
4482
9582
6936
6293
2740
8458
9194
586
5183
5771
5804
9649
8309
2335
6694
6295
5666
4542
1279
6166
7387
4880
6666
626
1996
2566
4013
9608
8945
1328
7988
6904
4622
1183
5328
1785
1479
9584
5984
4870
2050
2274
8525
1475
761
4820
9497
3222
262
1489
73
3115
9585
4776
413
5606
3336
8708
1657
3511
5354
2216
3767
3113
1941
7965
3900
8293
3924
4448
9484
9298
2490
5849
1892
1025
1947
5305
2748
8075
4464
7844
7398
2704
2133
4988
3828
2915
8955
7831
6902
3040
232
5860
8151
3304
5940
4592
6778
1554
8383
1710
5064
1919
9714
4402
6368
4561
6299
1881
6322
1484
9216
5735
6822
1558
3617
8442
8452
920
8706
4461
1746
5437
6855
3663
2339
1901
1629
6338
9875
6202
2552
8224
4233
4731
6193
3561
8386
9334
8613
969
7762
3525
6807
7275
4186
1670
3939
5721
9073
4996
7682
8935
2834
7534
3206
1946
3974
8880
4121
7942
5050
7777
9630
4979
8059
3535
9336
8345
6587
8635
9367
3701
880
5391
7849
803
8549
2263
7002
2767
1802
951
8629
7556
7567
41
2744
6733
3181
2544
5137
5321
9416
4667
7776
5691
2675
4963
8538
2232
1235
4291
6657
9116
4828
4578
4845
2372
8016
3830
7738
5617
1808
758
6112
7661
7708
5213
9835
9871
9030
5249
1650
8967
7571
4337
4271
1501
2947
2125
1094
203
460
5405
3317
9084
3413
6235
7003
2846
8954
8814
8751
1428
7153
9641
869
768
420
3275
6161
6432
5360
8277
2237
8296
512
8360
721
4087
5631
3273
7395
3962
7787
2645
6599
5713
248
6892
316
4076
4373
1595
9380
3538
8803
8979
9518
4005
3236
9650
6147
116
7602
3453
976
5386
3010
4907
5571
3761
9564
6647
468
4477
6158
456
1921
1076
2046
8299
6004
7706
7517
7103
5813
3060
3805
9329
6794
9862
4391
9624
3266
7636
7327
4766
8073
7973
9731
7715
5855
662
2969
635
5619
5635
5273
3242
2383
7747
5680
4728
9143
9482
5242
9386
1577
6025
6752
5954
5719
2047
2350
329
5856
4180
2178
5552
86
7382
6810
6351
477
9037
2104
946
6569
3240
6229
3399
2594
6188
4053
5457
1908
1445
3804
6329
1429
7610
4986
347
3464
5846
4629
9199
7269
703
4452
3593
3813
2554
6676
3845
6402
5461
6781
9351
2246
2147
2438
5099
8837
9431
9365
9565
5547
873
1413
802
4405
1260
6923
2259
5134
6613
8795
6269
7142
6274
2434
8117
4537
4533
9828
6420
8119
5107
6477
2124
2195
5706
7063
7472
6199
4968
8446
4528
1208
8005
3592
830
9095
1662
5833
4142
2480
1434
5400
6191
6174
361
9146
2347
8444
6424
3766
2804
743
8044
3347
5293
5382
5500
2095
9643
124
2382
6267
4832
5900
6931
843
8414
5999
8158
1471
791
980
4736
8765
5443
718
5648
3583
1258
2758
7688
4951
6561
96
2982
1320
6391
2149
8800
6711
5458
2431
3026
8443
7587
3072
4046
3143
34
228
2116
3364
3183
4598
9568
6055
6052
2111
8348
1857
2841
6840
278
8107
3673
621
3776
578
3376
3012
7336
5431
5280
9151
1402
7039
9601
4321
7121
900
7959
2776
312
9728
1805
6223
524
4735
5867
7021
9651
2297
7229
8541
8857
5022
3773
8757
876
481
7603
3937
1760
9573
3782
4949
6589
4274
5169
3715
7874
4838
9743
1864
9647
834
7633
2678
8694
2166
710
2327
4862
2859
8249
5095
5908
2360
7465
5581
7113
48
3686
6675
2412
7134
527
3817
3246
2619
3041
5816
6625
726
3986
6780
5416
2615
5042
2247
1398
6964
4049
5668
1822
1825
1325
4517
6512
851
2035
6314
5244
4421
535
687
1566
9879
6886
8770
6291
2708
2479
8812
2159
9853
1934
8684
3296
4611
9663
6144
2703
4627
7230
5647
1641
8731
4576
7582
3105
325
6369
4737
6321
8065
2368
8630
6249
2391
4532
6059
3666
4157
8907
7826
923
9090
7022
7834
1925
8062
6539
9846
3997
4287
8071
1574
6190
7312
5738
3616
1630
8502
2749
229
8900
2177
7486
4466
3680
4777
8221
5021
1888
6100
5359
3479
7857
6485
4019
1002
9132
7599
1726
8076
4084
5358
4021
6538
7983
3302
7131
2528
5880
3141
6770
9798
782
6987
2075
4217
2674
3731
4379
9598
2711
8140
5281
231
1158
9417
9310
2907
8291
6401
135
1991
1314
3247
3406
6254
2057
7444
7865
8995
1263
2867
4632
5505
146
6431
5717
4102
3591
5882
7202
3444
37
9810
4999
3083
7210
9405
3894
2548
8709
5981
7931
2945
888
58
6419
2702
9023
9243
6370
2712
8241
5699
948
9070
4236
7816
5428
1367
1846
2741
2188
7296
1395
1296
7828
878
5538
9548
9404
9506
7677
4002
3802
4175
2860
4847
3085
1516
6469
5346
1230
795
7290
4810
6749
7342
9238
131
8101
3792
3551
8987
7463
2961
6192
9419
837
7253
7262
3359
1371
539
3977
8300
7165
4441
6513
3258
1042
6231
1388
4427
7416
5659
5610
8095
683
2037
3893
7424
8330
7037
3261
5955
831
1733
7667
8132
6607
1202
8087
3717
4725
5625
9357
6337
3401
8505
4352
6584
4489
697
1675
9784
8406
6698
7001
3808
6521
7755
2517
2817
8239
4284
2509
7516
600
5435
8161
1336
6409
2186
5620
189
4726
7404
2992
2722
824
9179
3034
3343
8437
6686
3846
2168
3395
4224
6095
6377
1799
166
3559
6302
3903
5464
742
1148
3983
3821
4261
1114
7927
5994
7522
4866
3507
206
9232
6802
8689
529
5551
1663
8707
6160
7223
9002
3631
5787
3501
4435
9414
6967
1676
8184
6041
1679
3279
996
9501
3438
2208
680
2468
950
6872
5895
8267
4237
5687
5163
8947
2241
2422
4892
4526
1203
1085
6421
9859
9885
1890
3746
8156
8287
4606
5921
6996
431
1949
9392
4061
6834
2627
8153
3580
7237
4343
7729
2628
2581
3926
3282
4757
6913
9610
8188
6062
1342
4310
4634
2440
4787
5153
4840
1267
2464
1665
8775
1911
358
1293
5114
1579
7014
654
2024
3727
7945
1893
1022
3169
1803
1584
250
3730
7193
8256
4371
7374
2141
7593
4925
6565
4132
6150
9263
8222
6576
596
8860
6450
5557
3671
949
8392
6757
2529
153
8090
5509
1462
4763
5219
6639
1329
4296
9349
6256
6251
9797
5805
3069
6567
812
9677
5243
7893
938
6846
724
6536
3837
8398
6152
3466
7366
7819
4360
3562
7519
4090
8615
8000
7992
7038
5196
4444
4027
476
2204
576
6910
3088
7785
7428
6327
7280
1140
7671
5253
4273
7692
9229
6801
3590
5821
5335
9306
1234
2187
100
8164
1619
9536
1153
4825
5784
9016
4615
2478
2435
9517
7044
7885
5745
5545
2812
2423
4872
8036
8133
9412
9870
7578
9538
776
964
9422
1627
7544
6710
7863
3398
1281
2137
2608
1363
4539
6682
4204
1694
2074
2285
9583
1440
797
3199
8228
1124
8485
8331
819
5723
972
7076
7322
9039
7936
5188
4803
5058
4602
1043
815
8306
7980
4702
7456
4642
1614
3628
2824
6868
9470
2514
7034
9050
3807
2826
6848
9043
8933
3198
6501
7362
8626
412
3928
5585
1387
1563
2153
8856
5066
562
2917
8959
8904
8742
3834
784
417
7319
3080
6498
4621
352
9247
5086
7869
2310
904
8738
1568
9374
3124
2089
3184
6951
9032
1795
6471
805
1332
2315
5185
3054
8030
3995
9186
3192
3791
7540
1027
5092
3615
6468
6383
7501
7723
4960
9300
4065
757
3883
3740
8018
8791
653
9590
8104
2091
9135
313
4553
9781
7557
2814
2469
566
5565
9210
8653
9855
8237
5418
4855
4479
3886
6891
3762
3294
657
4940
4129
4365
7709
7473
8869
1403
5476
644
3895
3013
1238
3459
6433
4145
2699
6135
2616
3634
5180
88
7894
839
2325
9839
2506
253
8264
4146
6454
8590
97
2142
8522
9047
2413
1561
7653
8431
4651
3260
1667
4928
9008
4398
6503
2866
6628
5370
4333
1430
7609
8321
528
6413
5002
9477
1231
2218
7933
5211
3042
959
2571
3832
129
7243
6808
807
8177
9237
6016
8573
1125
2364
9403
4682
40
8475
5756
4401
5448
1656
2036
4826
8585
8402
8168
3499
1264
3495
9462
7086
5898
89
7311
7549
854
5427
9001
9833
453
3194
1024
4648
3334
27
5235
386
2273
1278
7735
2551
8778
9340
2272
9268
7619
3822
9224
4868
9530
1942
5112
2516
5970
1091
3718
1163
6494
2570
9437
9676
7102
3636
8464
6102
8533
1175
9400
5322
3118
5947
6408
8196
5642
8233
1132
4548
4413
8201
8971
788
2082
929
4527
7590
3921
1555
3553
9554
3999
1766
8981
541
6505
4714
2398
5062
8311
496
8084
1370
2602
5239
7698
3679
5714
1914
3991
1100
8683
8923
4540
5741
1755
7247
2251
7401
338
6624
2020
8594
7584
850
9346
2772
9481
5233
3264
3388
3016
4981
3861
3109
9876
446
2710
8371
7219
4887
6194
3537
5590
2682
8295
8189
4543
400
5301
6665
5375
3635
1861
3554
8473
5708
7669
7641
953
294
7884
7543
1055
3187
7637
8983
2555
8551
3677
6230
2576
7497
2238
677
6476
2978
2011
5181
639
2192
291
3526
1408
8111
6799
5422
4094
3552
1244
3308
4169
5041
4691
4226
7368
9837
7850
9299
4929
9877
3432
6740
5470
2770
4385
9778
2716
5669
5536
945
8231
610
2322
954
4342
9733
1016
9620
182
3529
9596
3810
8200
9148
3653
6141
3867
6845
3699
7958
1958
5175
8584
5274
7577
6283
9553
6552
8324
4898
9368
7186
4942
9202
6592
8002
909
6435
7161
5474
193
5616
8821
5982
5568
2700
5195
2387
5857
2452
6648
5632
8520
6551
1916
5168
3371
9759
7952
9886
3360
2189
4715
885
268
5142
9748
5275
6080
1977
8824
6221
1078
1674
3367
7686
4860
5824
6765
7098
1225
6033
2302
3868
5
3969
1106
5712
3158
4038
1463
515
5450
3658
3476
658
9371
1179
6177
1015
3733
6730
8285
4827
5492
6165
1
844
8623
5987
1851
3707
4410
5681
6655
1494
944
461
109
7732
190
5683
3912
5410
6240
8397
5504
81
633
7031
7148
75
5342
7299
5267
7109
8284
2258
9438
1705
8647
9686
6263
9147
436
5120
6667
1588
4720
1729
5330
6067
4378
3226
7306
9235
7812
314
2975
200
663
1256
6532
3759
825
6103
6392
7440
4698
1585
7394
7749
4886
2451
7460
764
217
1700
5108
4734
4263
2010
8710
3750
7613
3196
7853
3693
1791
12
5348
8054
6774
8150
7449
5877
7207
9428
3735
4313
4775
8672
9545
8756
4975
1696
8953
8650
9621
3713
700
2753
6442
2611
2410
9049
306
6313
1936
3844
5401
1069
5566
7868
4877
4075
7579
2162
3058
5889
6702
523
1988
3576
8908
4814
2266
1233
39
8617
4806
6815
2612
1606
8553
6631
1526
606
5013
2277
8912
3161
7090
8094
1510
2151
1972
8882
1884
7441
8099
289
1983
5266
6598
5218
6905
6602
9883
9824
6944
1522
3053
2743
7690
7861
5115
3328
921
5798
3332
4139
5967
7997
187
7136
9361
3205
8659
806
8658
5363
2821
7083
8204
9274
1227
2902
8865
6966
8286
5544
1176
1603
9523
2094
6859
2646
8938
5415
1637
21
